110

80001100, 00100 0011111003, 54.

11010011131000310013, 0011 111110-
10000 10111011 11-12. 10011001 am
30 1111 1111, 111.

0000010000 mii einer 011111 1030·
01100100 1100001223.

80001001, 0013 000 stadt 241.

0110013, 0110 von, 16. 92. 103.

8000111101 9100011301 1111110101 227.
0000011100100300 01101011 233.

110011οο0, 1111110. 1., 20.

81011100. 300100 Friedrich 7. 12. 38.
40110. 203. 209. 2381010 1103
214. 10100 100101011ἱο 223. Μο111
10. 17. 19. 20. 114. 139. 3001110
01011214.

80001101 von 0011000100, 800, 25. 32.

· 33.

8000111003100108234.2301011110·
111003 001 3111011 210. Anastasia,
31111111, 0011101300101111, 000 00-
100 1001101, und 30100011101 220
000 01101. 300. Heinrich 218. 225.
Giinther 243. eine 31111111, 3000100
00110310 von cleve, 00111111 222.
war eine 3010 1011101111 243.

8000111000013,0110.1011, 000 1010
1000 80. ’

8001000081100101100, 20. 21. 31.

80000001, 11111101, 85.

8001100011, 0110, 5.

Seli, Phil. 0100011110002114. 123.
125. 147. (811011. 11, 198. 199.)
3101110300, 0001. Franz von, 42. 05.

8110000000110 001 3111110301 214.

Simon von 1100110101, 10101111 001
011000001110011101 135. 102.

801101, 3111011. Ernst 11. 18. 19. 152.
Eberhard 152. 1101001110 13. 19.

8010101000 deutsche 48.

810110, 310, 179.

’111010 233. 289. 240. 0011000110 0011
11115011 0031011131 109. ’

’100101110οὶ 234.

Theodorus, vitus, 0111111111 1111111·

10131.1111.100111110010011)
248.

11101, 01101100011011 (30010οΠ. von
10000013) 6. 17. 30. 116.

10000108, 01101011-01101101 von 11031-
0013 105. 203.

Τ1γ30000101, 1101110110, 3. 01100 250.

Tanis, 110013 von, 10 00310013 74.
75.

Τ11111011101. 184. 180.

11111011 17. 139. 213.

11031110, 300, 159.

30100013, 8010013 103. vitus von, 152.

11010011 00113011 86.

0011, 11011 5. 240 (001 00110101 im
0100010011110000 1101 Μο1100300).
17131101, 1010000011 29. 37. 38. 108.

112. 114132. 148. 197. 190.

003011001301, 800111, 83.

1101010011, 00013, 8.

8111100011, 3111 1101110 0101110030-
111111110 1101111111, 10100 0111001Ρο1·
lipp und 300100, grui 8101001, 1101
101 jeder 10110. Ηο1111100, bastard 5.

weingarten, 1101 von, 30.

0010000013, 111019. 208. 209.

1101001311, Wolf von, 11.

Werl, brand 01101011 103.

0301100010, grafan 17.

watto, 1000010110 57. ,

wicelius, Georg, 18.

011000011001, 1100110, 10. 31.

wilhelm, 10010111 001 311100 von 1111·
11014. ,

0111000013, 100011010811011 49. 101-
11101 00101011 03.

0111000013, 1111100 100, 11. 33. 38.
0011110ρο von Wflrtenborg 000
1100130131το 171. 191.

0030011010, 3111 wilhelm d. j. 15.
17. 152.

wittieh, Vitus, 1010 311100 108. 172.

0101001000100, Ηο110. von, 5.

Zertzen, Adr. v., 7. 11. 14. 15. 20. 21.
48 000 81101. 011100, bastard 11.

 

