REGISTER.

11110111111111 1111311113 45.

Abt von llomplen 110 11111 1111111Ι

109.

10111, 011, 011111 311111 108. 181.

1311111111 1111111111, οο11, 32. 159.

1101111111, 101111. von, 28.

Allium, 11111 1111111111 97.

1111111113, 3111 0111111311, 177.

1111113111, Herm. von, 17. 52.

1113111111, 01111 1111111111 194.

111111 astronomicum 158. 166.

Aquila, 0113, 291268. 210.

111110, 111111111011111111 10.

11111101, 3111011111111 242.

1111111111, 1111 0111111111.

“ 1131111311, 111011 31101 111111
1111111 14; 111111111111 25; ihre
1111111311111 111195,

1111101111 92.

Β1011111011111111111111 221. 222,

1111113111 0118311111 107.110.

Rabirius, Ρ111, 111 11011151111111
62.

Β1111111111111 1111311113, 56.

Β1113111111, Hieronym. 9. 212. 213.

21111111131111115113, Β111111131,

. 0111111, 11. 99. 119163.

11111,οο11111111, 116. Ι

Bouron (911111), Max von, 11.

Bilk, 0111111111311111193. 166.

8111111113, 111110 227. 228.

3111011113, 111111 von, 14. 16. 17.
140. 218. 0111111018. 19. 20.
191. 1111111145.

81111111132111111). von, 19. 1111111
69. 181. 111111 14. 80.

1111111 65.

Brenn, Jo.‚ 78. 254. 255.

3111111, 10., 15. 18. 91. 56. 75.

3131111311, 0111, 1111110 7.

11113, 301311 111 011, 3101111110 8.
213. 223.

01111, 1111111, 206. 208.

0111111111, 01110, 81.

01311111 110 115111111111111111111
nach 1131111331111111 98.

0111111111 (0111111111111101111,
5. 20. 29. (1111111. Π. p. 199.)

01111111, 011, 85.

0011 (111111111110111111.) 6. 11. 15.
66. 106. 107. 112. 115. 133. 137.
152152.

colloquium 11 3131111113Ι 59. 146.
147.

0011111, 0111, 1101111111οά 49.

0111111, oin kaisorlieher, 1111831111
1111111190.

0111111113, Herm. von, 11.

19111131, Franz von, 16. 222.

Dougan, 31111.,111 311111113111111
135136.

0111111111, 0111111111 von, 6.

Dian, 111, 11113111 10.

Β1111113111113,3111101 01111 99.

Draco, 111), 215. 217. 219. 221. 224.
229. 232. 234. 239. 240. 247.

1111111111, Phil. von, 2. 17.

111111,Η111., 8. 211.

1111 von 1110111, 11.,313111 (lor
1111111111 176.

1131111, 3111117. 167.

11110 011 3111011111 226.

 

